Q: [[1. 0. 0. 0. 0. 0. 0. 0.]
 [0. 1. 0. 0. 0. 0. 0. 0.]
 [0. 0. 1. 0. 0. 0. 0. 0.]
 [0. 0. 0. 1. 0. 0. 0. 0.]
 [0. 0. 0. 0. 1. 0. 0. 0.]
 [0. 0. 0. 0. 0. 1. 0. 0.]
 [0. 0. 0. 0. 0. 0. 1. 0.]
 [0. 0. 0. 0. 0. 0. 0. 1.]]
P: [[ 2.05147666  1.7219934  -0.42065648 -0.85990779 -0.22079481 -0.49264031
  -0.09863104 -0.22935309]
 [ 1.7219934   4.02574882 -0.85990779 -2.49165403 -0.49264031 -1.54631287
  -0.22935309 -0.74738514]
 [-0.42065648 -0.85990779  1.85161499  1.35472592  0.29849271  0.59662056
   0.12216377  0.26328723]
 [-0.85990779 -2.49165403  1.35472592  3.08040767  0.59662056  1.69272629
   0.26328723  0.79892774]
 [-0.22079481 -0.49264031  0.29849271  0.59662056  1.75298395  1.12537284
   0.19986167  0.36726748]
 [-0.49264031 -1.54631287  0.59662056  1.69272629  1.12537284  2.33302253
   0.36726748  0.94534115]
 [-0.09863104 -0.22935309  0.12216377  0.26328723  0.19986167  0.36726748
   1.63082018  0.86208561]
 [-0.22935309 -0.74738514  0.26328723  0.79892774  0.36726748  0.94534115
   0.86208561  1.53409479]]
K: [[ 0.86208561  1.53409479  0.49481813  0.58875364  0.10398025  0.14641341
   0.03393414  0.0515426 ]
 [ 0.36726748  0.94534115 -0.75810536 -1.38768138  0.52875228  0.64029624
   0.10398025  0.14641341]
 [ 0.26328723  0.79892774 -0.33333333 -0.89379855 -0.75810536 -1.38768138
   0.49481813  0.58875364]
 [ 0.22935309  0.74738514 -0.26328723 -0.79892774 -0.36726748 -0.94534115
  -0.86208561 -1.53409479]]
PBK: [[ 1.00000000e+00  2.05147666e+00 -7.09997332e-15 -4.20656481e-01
  -8.43360932e-16 -2.20794814e-01 -3.41175373e-15 -9.86310405e-02]
 [ 2.05147666e+00  4.44398680e+00 -4.20656481e-01 -1.71981558e+00
  -2.20794814e-01 -9.85280630e-01 -9.86310405e-02 -4.58706172e-01]
 [-7.06486050e-15 -4.20656481e-01  1.00000000e+00  1.85161499e+00
   2.81104674e-15  2.98492708e-01  2.10117223e-15  1.22163773e-01]
 [-4.20656481e-01 -1.71981558e+00  1.85161499e+00  3.70945185e+00
   2.98492708e-01  1.19324112e+00  1.22163773e-01  5.26574458e-01]
 [-8.97340191e-16 -2.20794814e-01  2.89347978e-15  2.98492708e-01
   1.00000000e+00  1.75298395e+00  1.25081675e-15  1.99861667e-01]
 [-2.20794814e-01 -9.85280630e-01  2.98492708e-01  1.19324112e+00
   1.75298395e+00  3.25074568e+00  1.99861667e-01  7.34534953e-01]
 [-3.35168583e-15 -9.86310405e-02  2.05080628e-15  1.22163773e-01
   1.12462363e-15  1.99861667e-01  1.00000000e+00  1.63082018e+00]
 [-9.86310405e-02 -4.58706172e-01  1.22163773e-01  5.26574458e-01
   1.99861667e-01  7.34534953e-01  1.63082018e+00  2.72417122e+00]]
PA: [[ 0.          2.05147666  0.         -0.42065648  0.         -0.22079481
   0.         -0.09863104]
 [ 0.          1.7219934   0.         -0.85990779  0.         -0.49264031
   0.         -0.22935309]
 [ 0.         -0.42065648  0.          1.85161499  0.          0.29849271
   0.          0.12216377]
 [ 0.         -0.85990779  0.          1.35472592  0.          0.59662056
   0.          0.26328723]
 [ 0.         -0.22079481  0.          0.29849271  0.          1.75298395
   0.          0.19986167]
 [ 0.         -0.49264031  0.          0.59662056  0.          1.12537284
   0.          0.36726748]
 [ 0.         -0.09863104  0.          0.12216377  0.          0.19986167
   0.          1.63082018]
 [ 0.         -0.22935309  0.          0.26328723  0.          0.36726748
   0.          0.86208561]]
A'P: [[ 0.          0.          0.          0.          0.          0.
   0.          0.        ]
 [ 2.05147666  1.7219934  -0.42065648 -0.85990779 -0.22079481 -0.49264031
  -0.09863104 -0.22935309]
 [ 0.          0.          0.          0.          0.          0.
   0.          0.        ]
 [-0.42065648 -0.85990779  1.85161499  1.35472592  0.29849271  0.59662056
   0.12216377  0.26328723]
 [ 0.          0.          0.          0.          0.          0.
   0.          0.        ]
 [-0.22079481 -0.49264031  0.29849271  0.59662056  1.75298395  1.12537284
   0.19986167  0.36726748]
 [ 0.          0.          0.          0.          0.          0.
   0.          0.        ]
 [-0.09863104 -0.22935309  0.12216377  0.26328723  0.19986167  0.36726748
   1.63082018  0.86208561]]
depth difference: 2.538152853257299
depth difference: 0.5484753006179446
depth difference: 0.21528324970128043
depth difference: 1.5882304595024208
depth difference: 0.5667234879329728
depth difference: 1.0602501040072498
depth difference: 0.47972207683368584
depth difference: 0.5752040349030505
******************
Q: [[100.   0.   0.   0.   0.   0.   0.   0.]
 [  0.   1.   0.   0.   0.   0.   0.   0.]
 [  0.   0.   1.   0.   0.   0.   0.   0.]
 [  0.   0.   0.   1.   0.   0.   0.   0.]
 [  0.   0.   0.   0.   1.   0.   0.   0.]
 [  0.   0.   0.   0.   0.   1.   0.   0.]
 [  0.   0.   0.   0.   0.   0.   1.   0.]
 [  0.   0.   0.   0.   0.   0.   0.   1.]]
P: [[47.75730743 11.84328253 -1.2855543  -1.92275233 -0.44391982 -0.8039478
  -0.17101537 -0.33797828]
 [11.84328253  7.84530501 -1.4239705  -3.26657071 -0.69111129 -1.85287904
  -0.30338058 -0.86876455]
 [-1.2855543  -1.4239705   1.98387451  1.54967285  0.35511934  0.6866442
   0.14474595  0.30065867]
 [-1.92275233 -3.26657071  1.54967285  3.38634957  0.68644662  1.8445773
   0.30055836  0.86439093]
 [-0.44391982 -0.69111129  0.35511934  0.68644662  1.78043906  1.17137287
   0.21142869  0.38723295]
 [-0.8039478  -1.85287904  0.6866442   1.8445773   1.17137287  2.41483768
   0.38722348  0.98185355]
 [-0.17101537 -0.30338058  0.14474595  0.30055836  0.21142869  0.38722348
   1.63581991  0.87092636]
 [-0.33797828 -0.86876455  0.30065867  0.86439093  0.38723295  0.98185355
   0.87092636  1.55064795]]
K: [[ 9.92053020e+00  4.57873430e+00  1.25702350e-01  1.19778863e-01
  -4.66467558e-03 -8.30173420e-03 -2.82222157e-03 -4.37361825e-03]
 [ 1.11880453e+00  1.41369167e+00 -8.63028650e-01 -1.54177227e+00
   4.84926253e-01  5.70260378e-01  8.66651183e-02  1.17462619e-01]
 [ 4.65969524e-01  9.84114492e-01 -3.85985538e-01 -9.80186376e-01
  -7.84139920e-01 -1.43298413e+00  4.83702879e-01  5.68794397e-01]
 [ 3.37978281e-01  8.68764547e-01 -3.00658665e-01 -8.64390929e-01
  -3.87232949e-01 -9.81853548e-01 -8.70926356e-01 -1.55064795e+00]]
PBK: [[ 1.00000000e+02  4.77573074e+01 -4.25856219e-14 -1.28555430e+00
   5.91790292e-15 -4.43919822e-01 -1.07870002e-13 -1.71015375e-01]
 [ 4.77573074e+01  2.46865651e+01 -1.28555430e+00 -3.34672283e+00
  -4.43919822e-01 -1.49505910e+00 -1.71015375e-01 -6.41358861e-01]
 [-4.33081103e-14 -1.28555430e+00  1.00000000e+00  1.98387451e+00
  -9.24390990e-16  3.55119337e-01 -2.33889081e-15  1.44745951e-01]
 [-1.28555430e+00 -3.34672283e+00  1.98387451e+00  4.09934571e+00
   3.55119337e-01  1.37309082e+00  1.44745951e-01  6.01217024e-01]
 [ 6.03342638e-15 -4.43919822e-01 -8.84044860e-16  3.55119337e-01
   1.00000000e+00  1.78043906e+00 -1.21343835e-15  2.11428693e-01]
 [-4.43919822e-01 -1.49505910e+00  3.55119337e-01  1.37309082e+00
   1.78043906e+00  3.34274574e+00  2.11428693e-01  7.74456425e-01]
 [-1.07840811e-13 -1.71015375e-01 -2.35798237e-15  1.44745951e-01
  -1.17179532e-15  2.11428693e-01  1.00000000e+00  1.63581991e+00]
 [-1.71015375e-01 -6.41358861e-01  1.44745951e-01  6.01217024e-01
   2.11428693e-01  7.74456425e-01  1.63581991e+00  2.74185271e+00]]
PA: [[ 0.         47.75730743  0.         -1.2855543   0.         -0.44391982
   0.         -0.17101537]
 [ 0.         11.84328253  0.         -1.4239705   0.         -0.69111129
   0.         -0.30338058]
 [ 0.         -1.2855543   0.          1.98387451  0.          0.35511934
   0.          0.14474595]
 [ 0.         -1.92275233  0.          1.54967285  0.          0.68644662
   0.          0.30055836]
 [ 0.         -0.44391982  0.          0.35511934  0.          1.78043906
   0.          0.21142869]
 [ 0.         -0.8039478   0.          0.6866442   0.          1.17137287
   0.          0.38722348]
 [ 0.         -0.17101537  0.          0.14474595  0.          0.21142869
   0.          1.63581991]
 [ 0.         -0.33797828  0.          0.30065867  0.          0.38723295
   0.          0.87092636]]
A'P: [[ 0.          0.          0.          0.          0.          0.
   0.          0.        ]
 [47.75730743 11.84328253 -1.2855543  -1.92275233 -0.44391982 -0.8039478
  -0.17101537 -0.33797828]
 [ 0.          0.          0.          0.          0.          0.
   0.          0.        ]
 [-1.2855543  -1.4239705   1.98387451  1.54967285  0.35511934  0.6866442
   0.14474595  0.30065867]
 [ 0.          0.          0.          0.          0.          0.
   0.          0.        ]
 [-0.44391982 -0.69111129  0.35511934  0.68644662  1.78043906  1.17137287
   0.21142869  0.38723295]
 [ 0.          0.          0.          0.          0.          0.
   0.          0.        ]
 [-0.17101537 -0.30338058  0.14474595  0.30055836  0.21142869  0.38722348
   1.63581991  0.87092636]]
depth difference: 2.3615870142155417
depth difference: 3.996375213306031
depth difference: 4.7696983960099155
depth difference: 13.226502297924196
depth difference: 3.5984816696951665
depth difference: 4.565974977310631
depth difference: 2.194433789920939
depth difference: 1.9282796051174969
******************
Q: [[200.   0.   0.   0.   0.   0.   0.   0.]
 [  0.   1.   0.   0.   0.   0.   0.   0.]
 [  0.   0.   1.   0.   0.   0.   0.   0.]
 [  0.   0.   0.   1.   0.   0.   0.   0.]
 [  0.   0.   0.   0.   1.   0.   0.   0.]
 [  0.   0.   0.   0.   0.   1.   0.   0.]
 [  0.   0.   0.   0.   0.   0.   1.   0.]
 [  0.   0.   0.   0.   0.   0.   0.   1.]]
P: [[78.8072029  16.0972654  -1.38359757 -2.01926601 -0.4455707  -0.8033202
  -0.16964427 -0.33552653]
 [16.0972654   8.72311933 -1.45947586 -3.30376193 -0.69429155 -1.85622852
  -0.30377572 -0.86916076]
 [-1.38359757 -1.45947586  1.9877844   1.55434152  0.35607558  0.68790242
   0.14503345  0.30106228]
 [-2.01926601 -3.30376193  1.55434152  3.39221998  0.68777494  1.84645189
   0.30099982  0.86505842]
 [-0.4455707  -0.69429155  0.35607558  0.68777494  1.78082479  1.17194136
   0.21157334  0.38745475]
 [-0.8033202  -1.85622852  0.68790242  1.84645189  1.17194136  2.41573114
   0.38744949  0.98222226]
 [-0.16964427 -0.30377572  0.14503345  0.30099982  0.21157334  0.38744949
   1.63587895  0.87102091]
 [-0.33552653 -0.86916076  0.30106228  0.86505842  0.38745475  0.98222226
   0.87102091  1.55080857]]
K: [[ 1.40779994e+01  5.41935740e+00  9.48656629e-02  8.84580498e-02
  -6.51661516e-03 -9.77663102e-03 -2.77590143e-03 -4.10234556e-03]
 [ 1.21594581e+00  1.44753342e+00 -8.66439101e-01 -1.54576810e+00
   4.84166416e-01  5.69279250e-01  8.64496630e-02  1.17163844e-01]
 [ 4.67793676e-01  9.87067753e-01 -3.86840138e-01 -9.81393468e-01
  -7.84486603e-01 -1.43350887e+00  4.83571425e-01  5.68586311e-01]
 [ 3.35526527e-01  8.69160765e-01 -3.01062281e-01 -8.65058419e-01
  -3.87454752e-01 -9.82222263e-01 -8.71020911e-01 -1.55080857e+00]]
PBK: [[ 2.00000000e+02  7.88072029e+01  2.24976497e-12 -1.38359757e+00
   1.13369641e-12 -4.45570699e-01  7.47737300e-13 -1.69644267e-01]
 [ 7.88072029e+01  3.31945308e+01 -1.38359757e+00 -3.47874187e+00
  -4.45570699e-01 -1.49761176e+00 -1.69644267e-01 -6.39302251e-01]
 [ 2.24986868e-12 -1.38359757e+00  1.00000000e+00  1.98778440e+00
  -6.79323824e-15  3.56075577e-01 -1.59297281e-15  1.45033453e-01]
 [-1.38359757e+00 -3.47874187e+00  1.98778440e+00  4.10868304e+00
   3.56075577e-01  1.37567736e+00  1.45033453e-01  6.02062105e-01]
 [ 1.13278840e-12 -4.45570699e-01 -6.69798733e-15  3.56075577e-01
   1.00000000e+00  1.78082479e+00 -2.02914964e-15  2.11573341e-01]
 [-4.45570699e-01 -1.49761176e+00  3.56075577e-01  1.37567736e+00
   1.78082479e+00  3.34388271e+00  2.11573341e-01  7.74904239e-01]
 [ 7.47054349e-13 -1.69644267e-01 -1.58173007e-15  1.45033453e-01
  -2.14517448e-15  2.11573341e-01  1.00000000e+00  1.63587895e+00]
 [-1.69644267e-01 -6.39302251e-01  1.45033453e-01  6.02062105e-01
   2.11573341e-01  7.74904239e-01  1.63587895e+00  2.74204182e+00]]
PA: [[ 0.         78.8072029   0.         -1.38359757  0.         -0.4455707
   0.         -0.16964427]
 [ 0.         16.0972654   0.         -1.45947586  0.         -0.69429155
   0.         -0.30377572]
 [ 0.         -1.38359757  0.          1.9877844   0.          0.35607558
   0.          0.14503345]
 [ 0.         -2.01926601  0.          1.55434152  0.          0.68777494
   0.          0.30099982]
 [ 0.         -0.4455707   0.          0.35607558  0.          1.78082479
   0.          0.21157334]
 [ 0.         -0.8033202   0.          0.68790242  0.          1.17194136
   0.          0.38744949]
 [ 0.         -0.16964427  0.          0.14503345  0.          0.21157334
   0.          1.63587895]
 [ 0.         -0.33552653  0.          0.30106228  0.          0.38745475
   0.          0.87102091]]
A'P: [[ 0.          0.          0.          0.          0.          0.
   0.          0.        ]
 [78.8072029  16.0972654  -1.38359757 -2.01926601 -0.4455707  -0.8033202
  -0.16964427 -0.33552653]
 [ 0.          0.          0.          0.          0.          0.
   0.          0.        ]
 [-1.38359757 -1.45947586  1.9877844   1.55434152  0.35607558  0.68790242
   0.14503345  0.30106228]
 [ 0.          0.          0.          0.          0.          0.
   0.          0.        ]
 [-0.4455707  -0.69429155  0.35607558  0.68777494  1.78082479  1.17194136
   0.21157334  0.38745475]
 [ 0.          0.          0.          0.          0.          0.
   0.          0.        ]
 [-0.16964427 -0.30377572  0.14503345  0.30099982  0.21157334  0.38744949
   1.63587895  0.87102091]]
depth difference: 2.0198574879353197
depth difference: 4.147024536164158
depth difference: 4.916516533897319
depth difference: 14.813701449900538
depth difference: 3.8334610831086007
depth difference: 4.6047934279772615
depth difference: 2.3024308805125666
depth difference: 1.9273482932539638
******************
Q: [[300.   0.   0.   0.   0.   0.   0.   0.]
 [  0.   1.   0.   0.   0.   0.   0.   0.]
 [  0.   0.   1.   0.   0.   0.   0.   0.]
 [  0.   0.   0.   1.   0.   0.   0.   0.]
 [  0.   0.   0.   0.   1.   0.   0.   0.]
 [  0.   0.   0.   0.   0.   1.   0.   0.]
 [  0.   0.   0.   0.   0.   0.   1.   0.]
 [  0.   0.   0.   0.   0.   0.   0.   1.]]
P: [[105.89686616  19.33341504  -1.43542302  -2.06894518  -0.44445109
   -0.80059614  -0.16842363  -0.33361143]
 [ 19.33341504   9.30331316  -1.47603922  -3.32055351  -0.69506473
   -1.85686     -0.30373802  -0.86904233]
 [ -1.43542302  -1.47603922   1.9892744    1.55608148   0.35639939
    0.68832163   0.14512638   0.30119134]
 [ -2.06894518  -3.32055351   1.55608148   3.39435948   0.68822504
    1.84707969   0.30114495   0.86527665]
 [ -0.44445109  -0.69506473   0.35639939   0.68822504   1.78095669
    1.17213491   0.21162252   0.38752988]
 [ -0.80059614  -1.85686      0.68832163   1.84707969   1.17213491
    2.41603428   0.38752623   0.98234702]
 [ -0.16842363  -0.30373802   0.14512638   0.30114495   0.21162252
    0.38752623   1.63589906   0.87105303]
 [ -0.33361143  -0.86904233   0.30119134   0.86527665   0.38752988
    0.98234702   0.87105303   1.55086299]]
K: [[ 1.72644699e+01  5.98275965e+00  8.00422592e-02  7.38059738e-02
  -6.83969260e-03 -9.78031083e-03 -2.59307062e-03 -3.76567420e-03]
 [ 1.26834904e+00  1.46369350e+00 -8.67759847e-01 -1.54727979e+00
   4.83909866e-01  5.68954591e-01  8.63812787e-02  1.17070371e-01]
 [ 4.66984710e-01  9.87817676e-01 -3.87130289e-01 -9.81803039e-01
  -7.84605031e-01 -1.43368726e+00  4.83526803e-01  5.68515963e-01]
 [ 3.33611430e-01  8.69042329e-01 -3.01191342e-01 -8.65276654e-01
  -3.87529877e-01 -9.82347025e-01 -8.71053030e-01 -1.55086299e+00]]
PBK: [[ 3.00000000e+02  1.05896866e+02  5.70551136e-13 -1.43542302e+00
   6.76005663e-13 -4.44451095e-01  3.33167745e-13 -1.68423633e-01]
 [ 1.05896866e+02  3.96668301e+01 -1.43542302e+00 -3.54498440e+00
  -4.44451095e-01 -1.49566087e+00 -1.68423633e-01 -6.37349448e-01]
 [ 5.71047992e-13 -1.43542302e+00  1.00000000e+00  1.98927440e+00
   9.77722024e-16  3.56399395e-01  1.25597142e-15  1.45126376e-01]
 [-1.43542302e+00 -3.54498440e+00  1.98927440e+00  4.11216296e+00
   3.56399395e-01  1.37654667e+00  1.45126376e-01  6.02336290e-01]
 [ 6.75280819e-13 -4.44451095e-01  9.00581982e-16  3.56399395e-01
   1.00000000e+00  1.78095669e+00 -9.50025136e-16  2.11622522e-01]
 [-4.44451095e-01 -1.49566087e+00  3.56399395e-01  1.37654667e+00
   1.78095669e+00  3.34426982e+00  2.11622522e-01  7.75056104e-01]
 [ 3.32902787e-13 -1.68423633e-01  1.23950987e-15  1.45126376e-01
  -9.75032703e-16  2.11622522e-01  1.00000000e+00  1.63589906e+00]
 [-1.68423633e-01 -6.37349448e-01  1.45126376e-01  6.02336290e-01
   2.11622522e-01  7.75056104e-01  1.63589906e+00  2.74210606e+00]]
PA: [[  0.         105.89686616   0.          -1.43542302   0.
   -0.44445109   0.          -0.16842363]
 [  0.          19.33341504   0.          -1.47603922   0.
   -0.69506473   0.          -0.30373802]
 [  0.          -1.43542302   0.           1.9892744    0.
    0.35639939   0.           0.14512638]
 [  0.          -2.06894518   0.           1.55608148   0.
    0.68822504   0.           0.30114495]
 [  0.          -0.44445109   0.           0.35639939   0.
    1.78095669   0.           0.21162252]
 [  0.          -0.80059614   0.           0.68832163   0.
    1.17213491   0.           0.38752623]
 [  0.          -0.16842363   0.           0.14512638   0.
    0.21162252   0.           1.63589906]
 [  0.          -0.33361143   0.           0.30119134   0.
    0.38752988   0.           0.87105303]]
A'P: [[  0.           0.           0.           0.           0.
    0.           0.           0.        ]
 [105.89686616  19.33341504  -1.43542302  -2.06894518  -0.44445109
   -0.80059614  -0.16842363  -0.33361143]
 [  0.           0.           0.           0.           0.
    0.           0.           0.        ]
 [ -1.43542302  -1.47603922   1.9892744    1.55608148   0.35639939
    0.68832163   0.14512638   0.30119134]
 [  0.           0.           0.           0.           0.
    0.           0.           0.        ]
 [ -0.44445109  -0.69506473   0.35639939   0.68822504   1.78095669
    1.17213491   0.21162252   0.38752988]
 [  0.           0.           0.           0.           0.
    0.           0.           0.        ]
 [ -0.16842363  -0.30373802   0.14512638   0.30114495   0.21162252
    0.38752623   1.63589906   0.87105303]]
depth difference: 1.6447905088499328
depth difference: 4.193750547060799
depth difference: 4.927623006592068
depth difference: 15.083773162649887
depth difference: 3.8335566657149687
depth difference: 4.602822079192998
depth difference: 2.3050334704798616
depth difference: 1.924463829301028
******************
Q: [[400.   0.   0.   0.   0.   0.   0.   0.]
 [  0.   1.   0.   0.   0.   0.   0.   0.]
 [  0.   0.   1.   0.   0.   0.   0.   0.]
 [  0.   0.   0.   1.   0.   0.   0.   0.]
 [  0.   0.   0.   0.   1.   0.   0.   0.]
 [  0.   0.   0.   0.   0.   1.   0.   0.]
 [  0.   0.   0.   0.   0.   0.   1.   0.]
 [  0.   0.   0.   0.   0.   0.   0.   1.]]
P: [[130.71617611  22.05072863  -1.46983088  -2.10145458  -0.442964
   -0.79792245  -0.16745329  -0.33214561]
 [ 22.05072863   9.74926244  -1.48619889  -3.33066767  -0.69528857
   -1.85693053  -0.30364465  -0.86887599]
 [ -1.46983088  -1.48619889   1.990075     1.55700499   0.35656095
    0.688529     0.14517151   0.3012537 ]
 [ -2.10145458  -3.33066767   1.55700499   3.39548121   0.68845032
    1.84739218   0.30121642   0.86538393]
 [ -0.442964    -0.69528857   0.35656095   0.68845032   1.78102345
    1.1722327    0.21164736   0.38756776]
 [ -0.79792245  -1.85693053   0.688529     1.84739218   1.1722327
    2.41618722   0.38756497   0.9824099 ]
 [ -0.16745329  -0.30364465   0.14517151   0.30121642   0.21164736
    0.38756497   1.63590924   0.87106925]
 [ -0.33214561  -0.86887599   0.3012537    0.86538393   0.38756776
    0.9824099    0.87106925   1.55089043]]
K: [[ 1.99492741e+01  6.41859477e+00  7.08061011e-02  6.48135406e-02
  -6.83825362e-03 -9.53835289e-03 -2.42822710e-03 -3.49205771e-03]
 [ 1.30353213e+00  1.47373713e+00 -8.68475990e-01 -1.54808903e+00
   4.83782382e-01  5.68795043e-01  8.63485455e-02  1.17025972e-01]
 [ 4.65776833e-01  9.88054548e-01 -3.87275299e-01 -9.82008253e-01
  -7.84664947e-01 -1.43377732e+00  4.83504285e-01  5.68480528e-01]
 [ 3.32145613e-01  8.68875986e-01 -3.01253704e-01 -8.65383928e-01
  -3.87567755e-01 -9.82409900e-01 -8.71069250e-01 -1.55089043e+00]]
PBK: [[ 4.00000000e+02  1.30716176e+02  4.61580544e-13 -1.46983088e+00
   2.58500099e-12 -4.42964002e-01  1.32229543e-12 -1.67453294e-01]
 [ 1.30716176e+02  4.51014573e+01 -1.46983088e+00 -3.58765347e+00
  -4.42964002e-01 -1.49321102e+00 -1.67453294e-01 -6.35790261e-01]
 [ 4.60053232e-13 -1.46983088e+00  1.00000000e+00  1.99007500e+00
   7.56747060e-15  3.56560951e-01  5.33407384e-15  1.45171514e-01]
 [-1.46983088e+00 -3.58765347e+00  1.99007500e+00  4.11400998e+00
   3.56560951e-01  1.37697932e+00  1.45171514e-01  6.02470124e-01]
 [ 2.58465705e-12 -4.42964002e-01  7.71779552e-15  3.56560951e-01
   1.00000000e+00  1.78102345e+00 -5.08959496e-15  2.11647362e-01]
 [-4.42964002e-01 -1.49321102e+00  3.56560951e-01  1.37697932e+00
   1.78102345e+00  3.34446541e+00  2.11647362e-01  7.75132721e-01]
 [ 1.32197430e-12 -1.67453294e-01  5.28948834e-15  1.45171514e-01
  -5.13442796e-15  2.11647362e-01  1.00000000e+00  1.63590924e+00]
 [-1.67453294e-01 -6.35790261e-01  1.45171514e-01  6.02470124e-01
   2.11647362e-01  7.75132721e-01  1.63590924e+00  2.74213850e+00]]
PA: [[  0.         130.71617611   0.          -1.46983088   0.
   -0.442964     0.          -0.16745329]
 [  0.          22.05072863   0.          -1.48619889   0.
   -0.69528857   0.          -0.30364465]
 [  0.          -1.46983088   0.           1.990075     0.
    0.35656095   0.           0.14517151]
 [  0.          -2.10145458   0.           1.55700499   0.
    0.68845032   0.           0.30121642]
 [  0.          -0.442964     0.           0.35656095   0.
    1.78102345   0.           0.21164736]
 [  0.          -0.79792245   0.           0.688529     0.
    1.1722327    0.           0.38756497]
 [  0.          -0.16745329   0.           0.14517151   0.
    0.21164736   0.           1.63590924]
 [  0.          -0.33214561   0.           0.3012537    0.
    0.38756776   0.           0.87106925]]
A'P: [[  0.           0.           0.           0.           0.
    0.           0.           0.        ]
 [130.71617611  22.05072863  -1.46983088  -2.10145458  -0.442964
   -0.79792245  -0.16745329  -0.33214561]
 [  0.           0.           0.           0.           0.
    0.           0.           0.        ]
 [ -1.46983088  -1.48619889   1.990075     1.55700499   0.35656095
    0.688529     0.14517151   0.3012537 ]
 [  0.           0.           0.           0.           0.
    0.           0.           0.        ]
 [ -0.442964    -0.69528857   0.35656095   0.68845032   1.78102345
    1.1722327    0.21164736   0.38756776]
 [  0.           0.           0.           0.           0.
    0.           0.           0.        ]
 [ -0.16745329  -0.30364465   0.14517151   0.30121642   0.21164736
    0.38756497   1.63590924   0.87106925]]
depth difference: 1.392520550684677
depth difference: 4.2701656222537405
depth difference: 4.957759109694649
depth difference: 15.145329452313621
depth difference: 3.8191839367566187
depth difference: 4.6086211290441454
depth difference: 2.3033806423262
depth difference: 1.945770512592428
******************
Q: [[500.   0.   0.   0.   0.   0.   0.   0.]
 [  0.   1.   0.   0.   0.   0.   0.   0.]
 [  0.   0.   1.   0.   0.   0.   0.   0.]
 [  0.   0.   0.   1.   0.   0.   0.   0.]
 [  0.   0.   0.   0.   1.   0.   0.   0.]
 [  0.   0.   0.   0.   0.   1.   0.   0.]
 [  0.   0.   0.   0.   0.   0.   1.   0.]
 [  0.   0.   0.   0.   0.   0.   0.   1.]]
P: [[ 1.53980016e+02  2.44390309e+01 -1.49521836e+00 -2.12521047e+00
  -4.41493019e-01 -7.95522797e-01 -1.66664672e-01 -3.30977188e-01]
 [ 2.44390309e+01  1.01165786e+01 -1.49326851e+00 -3.33761931e+00
  -6.95323788e-01 -1.85683018e+00 -3.03548241e-01 -8.68718861e-01]
 [-1.49521836e+00 -1.49326851e+00  1.99057910e+00  1.55758168e+00
   3.56657263e-01  6.88651936e-01  1.45197930e-01  3.01290080e-01]
 [-2.12521047e+00 -3.33761931e+00  1.55758168e+00  3.39617587e+00
   6.88585109e-01  1.84757853e+00  3.01258735e-01  8.65447386e-01]
 [-4.41493019e-01 -6.95323788e-01  3.56657263e-01  6.88585109e-01
   1.78106384e+00  1.17229180e+00  2.11662370e-01  3.87590617e-01]
 [-7.95522797e-01 -1.85683018e+00  6.88651936e-01  1.84757853e+00
   1.17229180e+00  2.41627955e+00  3.87588362e-01  9.82447832e-01]
 [-1.66664672e-01 -3.03548241e-01  1.45197930e-01  3.01258735e-01
   2.11662370e-01  3.87588362e-01  1.63591538e+00  8.71079049e-01]
 [-3.30977188e-01 -8.68718861e-01  3.01290080e-01  8.65447386e-01
   3.87590617e-01  9.82447832e-01  8.71079049e-01  1.55090699e+00]]
K: [[ 2.23138204e+01  6.77895928e+00  6.43131713e-02  5.85565562e-02
  -6.73867927e-03 -9.25165244e-03 -2.28950582e-03 -3.27147441e-03]
 [ 1.32968767e+00  1.48078913e+00 -8.68929742e-01 -1.54859734e+00
   4.83706689e-01  5.68701027e-01  8.63296274e-02  1.17000446e-01]
 [ 4.64545609e-01  9.88111317e-01 -3.87361857e-01 -9.82131139e-01
  -7.84701181e-01 -1.43383172e+00  4.83490687e-01  5.68459154e-01]
 [ 3.30977188e-01  8.68718861e-01 -3.01290080e-01 -8.65447386e-01
  -3.87590617e-01 -9.82447832e-01 -8.71079049e-01 -1.55090699e+00]]
PBK: [[ 5.00000000e+02  1.53980016e+02 -8.90472426e-12 -1.49521836e+00
  -1.97631004e-12 -4.41493019e-01 -9.46816206e-13 -1.66664672e-01]
 [ 1.53980016e+02  4.98780618e+01 -1.49521836e+00 -3.61847897e+00
  -4.41493019e-01 -1.49084658e+00 -1.66664672e-01 -6.34525429e-01]
 [-8.90229862e-12 -1.49521836e+00  1.00000000e+00  1.99057910e+00
   4.73373602e-14  3.56657263e-01  2.57315335e-14  1.45197930e-01]
 [-1.49521836e+00 -3.61847897e+00  1.99057910e+00  4.11516336e+00
   3.56657263e-01  1.37723705e+00  1.45197930e-01  6.02548815e-01]
 [-1.97530293e-12 -4.41493019e-01  4.73222825e-14  3.56657263e-01
   1.00000000e+00  1.78106384e+00  9.29695115e-15  2.11662370e-01]
 [-4.41493019e-01 -1.49084658e+00  3.56657263e-01  1.37723705e+00
   1.78106384e+00  3.34458360e+00  2.11662370e-01  7.75178979e-01]
 [-9.46797066e-13 -1.66664672e-01  2.57919207e-14  1.45197930e-01
   9.32670689e-15  2.11662370e-01  1.00000000e+00  1.63591538e+00]
 [-1.66664672e-01 -6.34525429e-01  1.45197930e-01  6.02548815e-01
   2.11662370e-01  7.75178979e-01  1.63591538e+00  2.74215810e+00]]
PA: [[ 0.00000000e+00  1.53980016e+02  0.00000000e+00 -1.49521836e+00
   0.00000000e+00 -4.41493019e-01  0.00000000e+00 -1.66664672e-01]
 [ 0.00000000e+00  2.44390309e+01  0.00000000e+00 -1.49326851e+00
   0.00000000e+00 -6.95323788e-01  0.00000000e+00 -3.03548241e-01]
 [ 0.00000000e+00 -1.49521836e+00  0.00000000e+00  1.99057910e+00
   0.00000000e+00  3.56657263e-01  0.00000000e+00  1.45197930e-01]
 [ 0.00000000e+00 -2.12521047e+00  0.00000000e+00  1.55758168e+00
   0.00000000e+00  6.88585109e-01  0.00000000e+00  3.01258735e-01]
 [ 0.00000000e+00 -4.41493019e-01  0.00000000e+00  3.56657263e-01
   0.00000000e+00  1.78106384e+00  0.00000000e+00  2.11662370e-01]
 [ 0.00000000e+00 -7.95522797e-01  0.00000000e+00  6.88651936e-01
   0.00000000e+00  1.17229180e+00  0.00000000e+00  3.87588362e-01]
 [ 0.00000000e+00 -1.66664672e-01  0.00000000e+00  1.45197930e-01
   0.00000000e+00  2.11662370e-01  0.00000000e+00  1.63591538e+00]
 [ 0.00000000e+00 -3.30977188e-01  0.00000000e+00  3.01290080e-01
   0.00000000e+00  3.87590617e-01  0.00000000e+00  8.71079049e-01]]
A'P: [[ 0.00000000e+00  0.00000000e+00  0.00000000e+00  0.00000000e+00
   0.00000000e+00  0.00000000e+00  0.00000000e+00  0.00000000e+00]
 [ 1.53980016e+02  2.44390309e+01 -1.49521836e+00 -2.12521047e+00
  -4.41493019e-01 -7.95522797e-01 -1.66664672e-01 -3.30977188e-01]
 [ 0.00000000e+00  0.00000000e+00  0.00000000e+00  0.00000000e+00
   0.00000000e+00  0.00000000e+00  0.00000000e+00  0.00000000e+00]
 [-1.49521836e+00 -1.49326851e+00  1.99057910e+00  1.55758168e+00
   3.56657263e-01  6.88651936e-01  1.45197930e-01  3.01290080e-01]
 [ 0.00000000e+00  0.00000000e+00  0.00000000e+00  0.00000000e+00
   0.00000000e+00  0.00000000e+00  0.00000000e+00  0.00000000e+00]
 [-4.41493019e-01 -6.95323788e-01  3.56657263e-01  6.88585109e-01
   1.78106384e+00  1.17229180e+00  2.11662370e-01  3.87590617e-01]
 [ 0.00000000e+00  0.00000000e+00  0.00000000e+00  0.00000000e+00
   0.00000000e+00  0.00000000e+00  0.00000000e+00  0.00000000e+00]
 [-1.66664672e-01 -3.03548241e-01  1.45197930e-01  3.01258735e-01
   2.11662370e-01  3.87588362e-01  1.63591538e+00  8.71079049e-01]]
depth difference: 1.2079833539767935
depth difference: 4.2515706388698336
depth difference: 4.96163161189152
depth difference: 15.12362116941879
depth difference: 3.8095143211318345
depth difference: 4.598058440747847
depth difference: 2.302293202387334
depth difference: 1.9434109958002797
******************
Q: [[600.   0.   0.   0.   0.   0.   0.   0.]
 [  0.   1.   0.   0.   0.   0.   0.   0.]
 [  0.   0.   1.   0.   0.   0.   0.   0.]
 [  0.   0.   0.   1.   0.   0.   0.   0.]
 [  0.   0.   0.   0.   1.   0.   0.   0.]
 [  0.   0.   0.   0.   0.   1.   0.   0.]
 [  0.   0.   0.   0.   0.   0.   1.   0.]
 [  0.   0.   0.   0.   0.   0.   0.   1.]]
P: [[ 1.76078256e+02  2.65947546e+01 -1.51514319e+00 -2.14372227e+00
  -4.40119512e-01 -7.93392411e-01 -1.66006369e-01 -3.30013642e-01]
 [ 2.65947546e+01  1.04315189e+01 -1.49856396e+00 -3.34277869e+00
  -6.95281926e-01 -1.85667160e+00 -3.03459204e-01 -8.68579224e-01]
 [-1.51514319e+00 -1.49856396e+00  1.99092741e+00  1.55797767e+00
   3.56720982e-01  6.88732934e-01  1.45215165e-01  3.01313757e-01]
 [-2.14372227e+00 -3.34277869e+00  1.55797767e+00  3.39664992e+00
   6.88674604e-01  1.84770198e+00  3.01286619e-01  8.65489188e-01]
 [-4.40119512e-01 -6.95281926e-01  3.56720982e-01  6.88674604e-01
   1.78109093e+00  1.17233141e+00  2.11672430e-01  3.87605929e-01]
 [-7.93392411e-01 -1.85667160e+00  6.88732934e-01  1.84770198e+00
   1.17233141e+00  2.41634140e+00  3.87604040e-01  9.82473228e-01]
 [-1.66006369e-01 -3.03459204e-01  1.45215165e-01  3.01286619e-01
   2.11672430e-01  3.87604040e-01  1.63591951e+00  8.71085615e-01]
 [-3.30013642e-01 -8.68579224e-01  3.01313757e-01  8.65489188e-01
   3.87605929e-01  9.82473228e-01  8.71085615e-01  1.55091807e+00]]
K: [[ 2.44510323e+01  7.08874026e+00  5.94137122e-02  5.38712333e-02
  -6.60732256e-03 -8.96962828e-03 -2.17258522e-03 -3.09003570e-03]
 [ 1.35032986e+00  1.48610708e+00 -8.69244737e-01 -1.54894795e+00
   4.83656806e-01  5.68639423e-01  8.63174205e-02  1.16984040e-01]
 [ 4.63378769e-01  9.88092380e-01 -3.87419177e-01 -9.82212787e-01
  -7.84725481e-01 -1.43386817e+00  4.83481576e-01  5.68444846e-01]
 [ 3.30013642e-01  8.68579224e-01 -3.01313757e-01 -8.65489188e-01
  -3.87605929e-01 -9.82473228e-01 -8.71085615e-01 -1.55091807e+00]]
PBK: [[ 6.00000000e+02  1.76078256e+02 -1.31191459e-11 -1.51514319e+00
  -4.55348320e-12 -4.40119512e-01 -2.21748344e-12 -1.66006369e-01]
 [ 1.76078256e+02  5.41895091e+01 -1.51514319e+00 -3.64228623e+00
  -4.40119512e-01 -1.48867434e+00 -1.66006369e-01 -6.33472846e-01]
 [-1.31182474e-11 -1.51514319e+00  1.00000000e+00  1.99092741e+00
   4.56759166e-14  3.56720982e-01  1.67299068e-14  1.45215165e-01]
 [-1.51514319e+00 -3.64228623e+00  1.99092741e+00  4.11595534e+00
   3.56720982e-01  1.37740754e+00  1.45215165e-01  6.02600376e-01]
 [-4.55367581e-12 -4.40119512e-01  4.56640692e-14  3.56720982e-01
   1.00000000e+00  1.78109093e+00  6.91930474e-15  2.11672430e-01]
 [-4.40119512e-01 -1.48867434e+00  3.56720982e-01  1.37740754e+00
   1.78109093e+00  3.34466282e+00  2.11672430e-01  7.75209969e-01]
 [-2.21729699e-12 -1.66006369e-01  1.67523294e-14  1.45215165e-01
   7.01942621e-15  2.11672430e-01  1.00000000e+00  1.63591951e+00]
 [-1.66006369e-01 -6.33472846e-01  1.45215165e-01  6.02600376e-01
   2.11672430e-01  7.75209969e-01  1.63591951e+00  2.74217123e+00]]
PA: [[ 0.00000000e+00  1.76078256e+02  0.00000000e+00 -1.51514319e+00
   0.00000000e+00 -4.40119512e-01  0.00000000e+00 -1.66006369e-01]
 [ 0.00000000e+00  2.65947546e+01  0.00000000e+00 -1.49856396e+00
   0.00000000e+00 -6.95281926e-01  0.00000000e+00 -3.03459204e-01]
 [ 0.00000000e+00 -1.51514319e+00  0.00000000e+00  1.99092741e+00
   0.00000000e+00  3.56720982e-01  0.00000000e+00  1.45215165e-01]
 [ 0.00000000e+00 -2.14372227e+00  0.00000000e+00  1.55797767e+00
   0.00000000e+00  6.88674604e-01  0.00000000e+00  3.01286619e-01]
 [ 0.00000000e+00 -4.40119512e-01  0.00000000e+00  3.56720982e-01
   0.00000000e+00  1.78109093e+00  0.00000000e+00  2.11672430e-01]
 [ 0.00000000e+00 -7.93392411e-01  0.00000000e+00  6.88732934e-01
   0.00000000e+00  1.17233141e+00  0.00000000e+00  3.87604040e-01]
 [ 0.00000000e+00 -1.66006369e-01  0.00000000e+00  1.45215165e-01
   0.00000000e+00  2.11672430e-01  0.00000000e+00  1.63591951e+00]
 [ 0.00000000e+00 -3.30013642e-01  0.00000000e+00  3.01313757e-01
   0.00000000e+00  3.87605929e-01  0.00000000e+00  8.71085615e-01]]
A'P: [[ 0.00000000e+00  0.00000000e+00  0.00000000e+00  0.00000000e+00
   0.00000000e+00  0.00000000e+00  0.00000000e+00  0.00000000e+00]
 [ 1.76078256e+02  2.65947546e+01 -1.51514319e+00 -2.14372227e+00
  -4.40119512e-01 -7.93392411e-01 -1.66006369e-01 -3.30013642e-01]
 [ 0.00000000e+00  0.00000000e+00  0.00000000e+00  0.00000000e+00
   0.00000000e+00  0.00000000e+00  0.00000000e+00  0.00000000e+00]
 [-1.51514319e+00 -1.49856396e+00  1.99092741e+00  1.55797767e+00
   3.56720982e-01  6.88732934e-01  1.45215165e-01  3.01313757e-01]
 [ 0.00000000e+00  0.00000000e+00  0.00000000e+00  0.00000000e+00
   0.00000000e+00  0.00000000e+00  0.00000000e+00  0.00000000e+00]
 [-4.40119512e-01 -6.95281926e-01  3.56720982e-01  6.88674604e-01
   1.78109093e+00  1.17233141e+00  2.11672430e-01  3.87605929e-01]
 [ 0.00000000e+00  0.00000000e+00  0.00000000e+00  0.00000000e+00
   0.00000000e+00  0.00000000e+00  0.00000000e+00  0.00000000e+00]
 [-1.66006369e-01 -3.03459204e-01  1.45215165e-01  3.01286619e-01
   2.11672430e-01  3.87604040e-01  1.63591951e+00  8.71085615e-01]]
depth difference: 1.06306630321653
depth difference: 4.187797495395614
depth difference: 4.961915023280649
depth difference: 15.060588640027255
depth difference: 3.8025270658992985
depth difference: 4.58781494879087
depth difference: 2.301520112560895
depth difference: 1.9414238859343116
******************
Q: [[700.   0.   0.   0.   0.   0.   0.   0.]
 [  0.   1.   0.   0.   0.   0.   0.   0.]
 [  0.   0.   1.   0.   0.   0.   0.   0.]
 [  0.   0.   0.   1.   0.   0.   0.   0.]
 [  0.   0.   0.   0.   1.   0.   0.   0.]
 [  0.   0.   0.   0.   0.   1.   0.   0.]
 [  0.   0.   0.   0.   0.   0.   1.   0.]
 [  0.   0.   0.   0.   0.   0.   0.   1.]]
P: [[ 1.97253890e+02  2.85748347e+01 -1.53143026e+00 -2.15877013e+00
  -4.38855449e-01 -7.91493057e-01 -1.65444450e-01 -3.29198132e-01]
 [ 2.85748347e+01  1.07087491e+01 -1.50272770e+00 -3.34680607e+00
  -6.95206251e-01 -1.85649521e+00 -3.03379126e-01 -8.68456384e-01]
 [-1.53143026e+00 -1.50272770e+00  1.99118329e+00  1.55826717e+00
   3.56766135e-01  6.88790150e-01  1.45227244e-01  3.01330321e-01]
 [-2.15877013e+00 -3.34680607e+00  1.55826717e+00  3.39699479e+00
   6.88738244e-01  1.84778962e+00  3.01306334e-01  8.65518740e-01]
 [-4.38855449e-01 -6.95206251e-01  3.56766135e-01  6.88738244e-01
   1.78111038e+00  1.17235983e+00  2.11679647e-01  3.87616909e-01]
 [-7.91493057e-01 -1.85649521e+00  6.88790150e-01  1.84778962e+00
   1.17235983e+00  2.41638575e+00  3.87615284e-01  9.82491431e-01]
 [-1.65444450e-01 -3.03379126e-01  1.45227244e-01  3.01306334e-01
   2.11679647e-01  3.87615284e-01  1.63592247e+00  8.71090325e-01]
 [-3.29198132e-01 -8.68456384e-01  3.01330321e-01  8.65518740e-01
   3.87616909e-01  9.82491431e-01  8.71090325e-01  1.55092602e+00]]
K: [[ 2.64160645e+01  7.36194306e+00  5.55394648e-02  5.01887194e-02
  -6.46800652e-03 -8.70559239e-03 -2.07279169e-03 -2.93764453e-03]
 [ 1.36727708e+00  1.49031086e+00 -8.69477019e-01 -1.54920517e+00
   4.83621588e-01  5.68596127e-01  8.63089501e-02  1.16972692e-01]
 [ 4.62294925e-01  9.88038828e-01 -3.87459829e-01 -9.82270880e-01
  -7.84742924e-01 -1.43389432e+00  4.83475041e-01  5.68434590e-01]
 [ 3.29198132e-01  8.68456384e-01 -3.01330321e-01 -8.65518740e-01
  -3.87616909e-01 -9.82491431e-01 -8.71090325e-01 -1.55092602e+00]]
PBK: [[ 7.00000000e+02  1.97253890e+02  4.20576747e-12 -1.53143026e+00
   3.62975901e-13 -4.38855449e-01 -8.04823419e-13 -1.65444450e-01]
 [ 1.97253890e+02  5.81496693e+01 -1.53143026e+00 -3.66149784e+00
  -4.38855449e-01 -1.48669931e+00 -1.65444450e-01 -6.32577258e-01]
 [ 4.20521130e-12 -1.53143026e+00  1.00000000e+00  1.99118329e+00
  -2.27887474e-14  3.56766135e-01 -8.92910278e-15  1.45227244e-01]
 [-1.53143026e+00 -3.66149784e+00  1.99118329e+00  4.11653434e+00
   3.56766135e-01  1.37752839e+00  1.45227244e-01  6.02636655e-01]
 [ 3.63962749e-13 -4.38855449e-01 -2.27826823e-14  3.56766135e-01
   1.00000000e+00  1.78111038e+00 -3.08632834e-15  2.11679647e-01]
 [-4.38855449e-01 -1.48669931e+00  3.56766135e-01  1.37752839e+00
   1.78111038e+00  3.34471966e+00  2.11679647e-01  7.75232193e-01]
 [-8.04511930e-13 -1.65444450e-01 -8.92672433e-15  1.45227244e-01
  -3.10819918e-15  2.11679647e-01  1.00000000e+00  1.63592247e+00]
 [-1.65444450e-01 -6.32577258e-01  1.45227244e-01  6.02636655e-01
   2.11679647e-01  7.75232193e-01  1.63592247e+00  2.74218065e+00]]
PA: [[ 0.00000000e+00  1.97253890e+02  0.00000000e+00 -1.53143026e+00
   0.00000000e+00 -4.38855449e-01  0.00000000e+00 -1.65444450e-01]
 [ 0.00000000e+00  2.85748347e+01  0.00000000e+00 -1.50272770e+00
   0.00000000e+00 -6.95206251e-01  0.00000000e+00 -3.03379126e-01]
 [ 0.00000000e+00 -1.53143026e+00  0.00000000e+00  1.99118329e+00
   0.00000000e+00  3.56766135e-01  0.00000000e+00  1.45227244e-01]
 [ 0.00000000e+00 -2.15877013e+00  0.00000000e+00  1.55826717e+00
   0.00000000e+00  6.88738244e-01  0.00000000e+00  3.01306334e-01]
 [ 0.00000000e+00 -4.38855449e-01  0.00000000e+00  3.56766135e-01
   0.00000000e+00  1.78111038e+00  0.00000000e+00  2.11679647e-01]
 [ 0.00000000e+00 -7.91493057e-01  0.00000000e+00  6.88790150e-01
   0.00000000e+00  1.17235983e+00  0.00000000e+00  3.87615284e-01]
 [ 0.00000000e+00 -1.65444450e-01  0.00000000e+00  1.45227244e-01
   0.00000000e+00  2.11679647e-01  0.00000000e+00  1.63592247e+00]
 [ 0.00000000e+00 -3.29198132e-01  0.00000000e+00  3.01330321e-01
   0.00000000e+00  3.87616909e-01  0.00000000e+00  8.71090325e-01]]
A'P: [[ 0.00000000e+00  0.00000000e+00  0.00000000e+00  0.00000000e+00
   0.00000000e+00  0.00000000e+00  0.00000000e+00  0.00000000e+00]
 [ 1.97253890e+02  2.85748347e+01 -1.53143026e+00 -2.15877013e+00
  -4.38855449e-01 -7.91493057e-01 -1.65444450e-01 -3.29198132e-01]
 [ 0.00000000e+00  0.00000000e+00  0.00000000e+00  0.00000000e+00
   0.00000000e+00  0.00000000e+00  0.00000000e+00  0.00000000e+00]
 [-1.53143026e+00 -1.50272770e+00  1.99118329e+00  1.55826717e+00
   3.56766135e-01  6.88790150e-01  1.45227244e-01  3.01330321e-01]
 [ 0.00000000e+00  0.00000000e+00  0.00000000e+00  0.00000000e+00
   0.00000000e+00  0.00000000e+00  0.00000000e+00  0.00000000e+00]
 [-4.38855449e-01 -6.95206251e-01  3.56766135e-01  6.88738244e-01
   1.78111038e+00  1.17235983e+00  2.11679647e-01  3.87616909e-01]
 [ 0.00000000e+00  0.00000000e+00  0.00000000e+00  0.00000000e+00
   0.00000000e+00  0.00000000e+00  0.00000000e+00  0.00000000e+00]
 [-1.65444450e-01 -3.03379126e-01  1.45227244e-01  3.01306334e-01
   2.11679647e-01  3.87615284e-01  1.63592247e+00  8.71090325e-01]]
depth difference: 0.950170357016932
depth difference: 4.104281991926215
depth difference: 4.961218260532001
depth difference: 14.97620760493556
depth difference: 3.7972279351115605
depth difference: 4.5783368759845
depth difference: 2.3009408751049065
depth difference: 1.9397396191800451
******************
Q: [[800.   0.   0.   0.   0.   0.   0.   0.]
 [  0.   1.   0.   0.   0.   0.   0.   0.]
 [  0.   0.   1.   0.   0.   0.   0.   0.]
 [  0.   0.   0.   1.   0.   0.   0.   0.]
 [  0.   0.   0.   0.   1.   0.   0.   0.]
