Q: [[1. 0. 0.]
 [0. 1. 0.]
 [0. 0. 1.]]
P: [[ 2.27206889  1.55088472  5.55056043]
 [ 1.55088472  5.02269801 13.14614517]
 [ 5.55056043 13.14614517 55.79517629]]
K: [[ 4.54413778  3.10176945 11.10112086]]
PBK: [[ 20.64918818  14.09486775  50.44502272]
 [ 14.09486775   9.62097372  34.43311754]
 [ 50.44502272  34.43311754 123.23488435]]
PA: [[ 9.82459409 -0.53944109  7.72917913]
 [14.63430884  4.31048686 14.63324201]
 [42.7158436  19.79987554 61.11744217]]
A'P: [[ 9.82459409 14.63430884 42.7158436 ]
 [-0.53944109  4.31048686 19.79987554]
 [ 7.72917913 14.63324201 61.11744217]]
depth difference: 3.425551106737969
depth difference: 0.638988488750897
depth difference: 0.8058077265560724
******************
Q: [[100.   0.   0.]
 [  0.   1.   0.]
 [  0.   0.   1.]]
P: [[  6.32701512   5.67061777  13.79002651]
 [  5.67061777  64.53450774 144.16935192]
 [ 13.79002651 144.16935192 366.60681972]]
K: [[12.65403023 11.34123553 27.58005303]]
PBK: [[160.12448112 143.5123373  348.99882479]
 [143.5123373  128.6236234  312.79187736]
 [348.99882479 312.79187736 760.65932488]]
PA: [[ 30.06224056  -2.3354691   19.8568115 ]
 [145.8478064   63.8118117  149.60673718]
 [329.14201329 163.18514018 379.82966244]]
A'P: [[ 30.06224056 145.8478064  329.14201329]
 [ -2.3354691   63.8118117  163.18514018]
 [ 19.8568115  149.60673718 379.82966244]]
