Q: [[1. 0. 0. 0.]
 [0. 1. 0. 0.]
 [0. 0. 1. 0.]
 [0. 0. 0. 1.]]
P: [[3.91047063e-03 3.95417251e-03 6.79625379e-03 3.90625000e-03]
 [3.95417251e-03 4.05801348e+00 6.96619079e+00 4.00395224e+00]
 [6.79625379e-03 6.96619079e+00 8.98842988e+02 5.18926381e+02]
 [3.90625000e-03 4.00395224e+00 5.18926381e+02 8.90807570e+02]]
K: [[1.00108048 1.01226816 1.73984097 1.        ]]
PBK: [[1.00216213 1.0133619  1.74172083 1.00108048]
 [1.0133619  1.02468683 1.76118562 1.01226816]
 [1.74172083 1.76118562 3.0270466  1.73984097]
 [1.00108048 1.01226816 1.73984097 1.        ]]
PA: [[ 1.08106486e-03 -1.23502667e-03  1.23378946e-05 -1.57560683e-19]
 [ 1.01459693e+00  1.23434163e-02  7.82488033e-03 -1.59321519e-19]
 [ 1.74170850e+00  1.75336074e+00  1.01352330e+00 -2.73834658e-19]
 [ 1.00108048e+00  1.01226816e+00  1.73984097e+00 -1.57390625e-19]]
A'P: [[ 1.08106486e-03  1.01459693e+00  1.74170850e+00  1.00108048e+00]
 [-1.23502667e-03  1.23434163e-02  1.75336074e+00  1.01226816e+00]
 [ 1.23378946e-05  7.82488033e-03  1.01352330e+00  1.73984097e+00]
 [-1.57560683e-19 -1.59321519e-19 -2.73834658e-19 -1.57390625e-19]]
depth difference: 1.0869642048170984
depth difference: 1.0554476021294936
depth difference: 0.6240071189664896
depth difference: 1.0056204807978255
******************
Q: [[100.   0.   0.   0.]
 [  0.   1.   0.   0.]
 [  0.   0.   1.   0.]
 [  0.   0.   0.   1.]]
P: [[3.90632925e-02 4.41855855e-03 7.05812235e-03 3.90625000e-03]
 [4.41855855e-03 4.52963634e+01 7.22757526e+01 4.00004419e+01]
 [7.05812235e-03 7.22757526e+01 1.00761673e+03 5.79795168e+02]
 [3.90625000e-03 4.00004419e+01 5.79795168e+02 9.25131646e+02]]
K: [[10.00020289  1.13115099  1.80687932  1.        ]]
PBK: [[100.00405775  11.31173939  18.0691598   10.00020289]
 [ 11.31173939   1.27950256   2.04385333   1.13115099]
 [ 18.0691598    2.04385333   3.26481288   1.80687932]
 [ 10.00020289   1.13115099   1.80687932   1.        ]]
PA: [[ 2.02887714e-03 -1.24559990e-02  5.46654074e-05 -1.57393818e-18]
 [ 1.13241954e+01  1.39751280e-01  7.81301834e-02 -1.78032561e-19]
 [ 1.80691051e+01  1.96572315e+00  1.13240644e+00 -2.84385866e-19]
 [ 1.00002029e+01  1.13115099e+00  1.80687932e+00 -1.57390625e-19]]
A'P: [[ 2.02887714e-03  1.13241954e+01  1.80691051e+01  1.00002029e+01]
 [-1.24559990e-02  1.39751280e-01  1.96572315e+00  1.13115099e+00]
 [ 5.46654074e-05  7.81301834e-02  1.13240644e+00  1.80687932e+00]
 [-1.57393818e-18 -1.78032561e-19 -2.84385866e-19 -1.57390625e-19]]
